     64      0
-0.51402196E-01
 0.12145098E+00
-0.13845405E+00
 0.62617302E-01
 0.31062782E-01
-0.42299986E-01
-0.15549600E-01
 0.42747259E-01
-0.70844293E-02
-0.21365196E-01
-0.16450584E-02
 0.28105348E-01
-0.13071686E-01
-0.10162979E-01
-0.16507506E-03
 0.20519823E-01
-0.13587028E-01
-0.36039352E-02
-0.15184879E-02
 0.16277343E-01
-0.12778908E-01
 0.83029270E-03
-0.38188100E-02
 0.13823539E-01
-0.11706829E-01
 0.42444766E-02
-0.64401925E-02
 0.12251496E-01
-0.10626793E-01
 0.73125958E-02
-0.94039440E-02
 0.11241376E-01
-0.96947551E-02
 0.10528624E-01
-0.12851596E-01
 0.10574162E-01
-0.88043213E-02
 0.14120221E-01
-0.17005026E-01
 0.10273576E-01
-0.80952048E-02
 0.18412173E-01
-0.22070587E-01
 0.10295212E-01
-0.77992082E-02
 0.24318874E-01
-0.28856456E-01
 0.10557294E-01
-0.78060031E-02
 0.32998741E-01
-0.39079487E-01
 0.11714220E-01
-0.88927746E-02
 0.47927499E-01
-0.56963682E-01
 0.14544070E-01
-0.12400448E-01
 0.80671251E-01
-0.99573016E-01
 0.23486853E-01
-0.25495648E-01
 0.21489930E+00
-0.36365783E+00
 0.18834555E+00
